% number of repeats:% 3
% enter first, last, inc:% 48 480 48 
data = [
%  n          reference      |         current implementation 
%        time       GFLOPS   |    time       GFLOPS     diff 
   480 3.6166e-03 6.1158e+01    2.3320e-02 9.4849e+00 3.5527e-13
   432 2.5351e-03 6.3604e+01    1.7154e-02 9.3999e+00 3.1264e-13
   384 1.8212e-03 6.2182e+01    1.2015e-02 9.4258e+00 1.9895e-13
   336 1.2274e-03 6.1810e+01    8.0412e-03 9.4347e+00 1.7053e-13
   288 7.9820e-04 5.9854e+01    5.0571e-03 9.4473e+00 1.1369e-13
   240 4.5370e-04 6.0939e+01    2.9178e-03 9.4756e+00 4.2633e-14
   192 2.4230e-04 5.8423e+01    1.4160e-03 9.9970e+00 2.8422e-14
   144 1.0660e-04 5.6022e+01    5.5740e-04 1.0714e+01 2.8422e-14
    96 3.6500e-05 4.8479e+01    1.3650e-04 1.2963e+01 1.4211e-14
    48 7.7000e-06 2.8725e+01    1.6400e-05 1.3487e+01 7.1054e-15
];

% Maximum difference between reference and your implementation: 3.552714e-13.
