% number of repeats:% 3
% enter first, last, inc:% 48 480 48 
data = [
%  n          reference      |         current implementation 
%        time       GFLOPS   |    time       GFLOPS     diff 
   480 3.4355e-03 6.4382e+01    2.2408e-02 9.8708e+00 3.5527e-13
   432 2.4996e-03 6.4508e+01    1.6400e-02 9.8318e+00 3.1264e-13
   384 1.8241e-03 6.2083e+01    1.1884e-02 9.5296e+00 1.9895e-13
   336 1.2235e-03 6.2007e+01    7.8387e-03 9.6784e+00 1.7053e-13
   288 7.9570e-04 6.0042e+01    4.9467e-03 9.6581e+00 1.1369e-13
   240 4.5280e-04 6.1060e+01    2.7822e-03 9.9375e+00 4.2633e-14
   192 2.3770e-04 5.9553e+01    1.3618e-03 1.0395e+01 2.8422e-14
   144 1.0890e-04 5.4839e+01    5.3020e-04 1.1264e+01 2.8422e-14
    96 3.6500e-05 4.8479e+01    1.5480e-04 1.1431e+01 1.4211e-14
    48 7.6000e-06 2.9103e+01    1.7500e-05 1.2639e+01 7.1054e-15
];

% Maximum difference between reference and your implementation: 3.552714e-13.
