% number of repeats:% 3
% enter first, last, inc:% 48 480 48 
data = [
%  n          reference      |         current implementation 
%        time       GFLOPS   |    time       GFLOPS     diff 
   480 3.4941e-03 6.3302e+01    2.2807e-02 9.6980e+00 3.5527e-13
   432 2.5342e-03 6.3627e+01    1.6669e-02 9.6731e+00 3.1264e-13
   384 1.8312e-03 6.1843e+01    1.1890e-02 9.5241e+00 1.9895e-13
   336 1.2319e-03 6.1585e+01    7.9306e-03 9.5663e+00 1.7053e-13
   288 7.8590e-04 6.0791e+01    4.9455e-03 9.6604e+00 1.1369e-13
   240 4.6090e-04 5.9987e+01    2.8582e-03 9.6732e+00 4.2633e-14
   192 2.4330e-04 5.8182e+01    1.3632e-03 1.0384e+01 2.8422e-14
   144 1.1100e-04 5.3802e+01    5.1080e-04 1.1691e+01 2.8422e-14
    96 3.7600e-05 4.7060e+01    1.3300e-04 1.3304e+01 1.4211e-14
    48 7.7000e-06 2.8725e+01    1.5500e-05 1.4270e+01 7.1054e-15
];

% Maximum difference between reference and your implementation: 3.552714e-13.
