% number of repeats:% 3
% enter first, last, inc:% 48 480 48 
data = [
%  n          reference      |         current implementation 
%        time       GFLOPS   |    time       GFLOPS     diff 
   480 3.6470e-03 6.0648e+01    9.8189e-02 2.2526e+00 3.5527e-13
   432 2.5011e-03 6.4469e+01    6.8424e-02 2.3565e+00 3.1264e-13
   384 1.8025e-03 6.2827e+01    6.1955e-02 1.8279e+00 1.9895e-13
   336 1.2093e-03 6.2736e+01    3.1778e-02 2.3874e+00 1.7053e-13
   288 7.8310e-04 6.1008e+01    1.9915e-02 2.3990e+00 1.1369e-13
   240 4.4530e-04 6.2088e+01    1.1387e-02 2.4281e+00 4.2633e-14
   192 2.4550e-04 5.7661e+01    5.8740e-03 2.4099e+00 2.8422e-14
   144 1.0510e-04 5.6822e+01    2.2265e-03 2.6822e+00 2.8422e-14
    96 3.6400e-05 4.8612e+01    6.4110e-04 2.7601e+00 1.4211e-14
    48 7.8000e-06 2.8357e+01    6.6400e-05 3.3311e+00 7.1054e-15
];

% Maximum difference between reference and your implementation: 3.552714e-13.
