% number of repeats:% 3
% enter first, last, inc:% 48 480 48 
data = [
%  n          reference      |         current implementation 
%        time       GFLOPS   |    time       GFLOPS     diff 
   480 3.6510e-03 6.0582e+01    1.5884e-01 1.3925e+00 3.5527e-13
   432 2.5273e-03 6.3801e+01    9.4719e-02 1.7023e+00 3.1264e-13
   384 1.8045e-03 6.2758e+01    1.6738e-01 6.7658e-01 1.9895e-13
   336 1.2098e-03 6.2710e+01    4.4340e-02 1.7110e+00 1.7053e-13
   288 7.7910e-04 6.1322e+01    3.2280e-02 1.4800e+00 1.1369e-13
   240 4.4660e-04 6.1908e+01    1.3436e-02 2.0577e+00 4.2633e-14
   192 2.3840e-04 5.9378e+01    9.6041e-03 1.4739e+00 2.8422e-14
   144 1.0600e-04 5.6339e+01    1.9519e-03 3.0596e+00 2.8422e-14
    96 3.7100e-05 4.7695e+01    6.3630e-04 2.7809e+00 1.4211e-14
    48 7.7000e-06 2.8725e+01    6.1400e-05 3.6023e+00 7.1054e-15
];

% Maximum difference between reference and your implementation: 3.552714e-13.
