% number of repeats:% 3
% enter first, last, inc:% 48 480 48 
data = [
%  n          reference      |         current implementation 
%        time       GFLOPS   |    time       GFLOPS     diff 
   480 3.5344e-03 6.2580e+01    2.3451e-02 9.4318e+00 3.5527e-13
   432 2.5734e-03 6.2658e+01    1.7087e-02 9.4367e+00 3.1264e-13
   384 1.8622e-03 6.0813e+01    1.2167e-02 9.3077e+00 1.9895e-13
   336 1.2600e-03 6.0211e+01    8.0190e-03 9.4608e+00 1.7053e-13
   288 7.8440e-04 6.0907e+01    5.0382e-03 9.4827e+00 1.1369e-13
   240 4.6430e-04 5.9548e+01    2.8416e-03 9.7297e+00 4.2633e-14
   192 2.3920e-04 5.9180e+01    1.3979e-03 1.0126e+01 2.8422e-14
   144 1.0710e-04 5.5761e+01    5.2000e-04 1.1485e+01 2.8422e-14
    96 3.6900e-05 4.7953e+01    1.4970e-04 1.1820e+01 1.4211e-14
    48 7.9000e-06 2.7998e+01    1.5800e-05 1.3999e+01 7.1054e-15
];

% Maximum difference between reference and your implementation: 3.552714e-13.
