% number of repeats:% 3
% enter first, last, inc:% 48 1488 48 
data = [
%  n          reference      |         current implementation 
%        time       GFLOPS   |    time       GFLOPS     diff 
  1488 9.9825e-02 6.6009e+01    1.7178e-01 3.8358e+01 2.1600e-12
  1440 9.0822e-02 6.5755e+01    1.1525e-01 5.1816e+01 2.1032e-12
  1392 8.2729e-02 6.5206e+01    1.0243e-01 5.2664e+01 1.9327e-12
  1344 7.5291e-02 6.4489e+01    1.0048e-01 4.8323e+01 1.7621e-12
  1296 6.6981e-02 6.4997e+01    8.1135e-02 5.3659e+01 1.8190e-12
  1248 5.9984e-02 6.4809e+01    7.3433e-02 5.2940e+01 1.6485e-12
  1200 5.2547e-02 6.5770e+01    6.4918e-02 5.3236e+01 1.5348e-12
  1152 4.6793e-02 6.5344e+01    6.4411e-02 4.7471e+01 1.3642e-12
  1104 4.1686e-02 6.4558e+01    4.9143e-02 5.4762e+01 1.2506e-12
  1056 3.6395e-02 6.4711e+01    4.6463e-02 5.0689e+01 1.1937e-12
  1008 3.1610e-02 6.4802e+01    3.8339e-02 5.3428e+01 1.0232e-12
   960 2.7068e-02 6.5373e+01    3.5690e-02 4.9579e+01 1.0232e-12
   912 2.3616e-02 6.4241e+01    3.6919e-02 4.1093e+01 1.0800e-12
   864 2.0136e-02 6.4061e+01    2.6058e-02 4.9503e+01 8.5265e-13
   816 1.7130e-02 6.3437e+01    2.2104e-02 4.9162e+01 8.2423e-13
   768 1.4032e-02 6.4563e+01    2.0442e-02 4.4319e+01 7.1054e-13
   720 1.1579e-02 6.4471e+01    1.4276e-02 5.2289e+01 6.8212e-13
   672 9.6935e-03 6.2612e+01    1.2115e-02 5.0096e+01 5.6843e-13
   624 7.5687e-03 6.4204e+01    9.7228e-03 4.9980e+01 5.4001e-13
   576 6.0118e-03 6.3576e+01    8.2549e-03 4.6300e+01 4.8317e-13
   528 4.9626e-03 5.9323e+01    5.8870e-03 5.0008e+01 4.2633e-13
   480 3.4606e-03 6.3915e+01    5.0112e-03 4.4138e+01 3.1264e-13
   432 2.5718e-03 6.2697e+01    3.5969e-03 4.4828e+01 2.7001e-13
   384 1.8212e-03 6.2182e+01    2.7284e-03 4.1506e+01 2.2737e-13
   336 1.2257e-03 6.1896e+01    1.5874e-03 4.7793e+01 1.7053e-13
   288 7.8750e-04 6.0668e+01    9.8020e-04 4.8741e+01 9.9476e-14
   240 4.4970e-04 6.1481e+01    5.2380e-04 5.2784e+01 4.2633e-14
   192 2.3730e-04 5.9654e+01    2.8500e-04 4.9669e+01 2.8422e-14
   144 1.0710e-04 5.5761e+01    1.0770e-04 5.5450e+01 2.8422e-14
    96 3.7300e-05 4.7439e+01    3.0300e-05 5.8398e+01 1.0658e-14
    48 7.7000e-06 2.8725e+01    3.6000e-06 6.1440e+01 5.3291e-15
];

% Maximum difference between reference and your implementation: 2.160050e-12.
