% number of repeats:% 3
% enter first, last, inc:% 48 1488 48 
data = [
%  n          reference      |         current implementation 
%        time       GFLOPS   |    time       GFLOPS     diff 
  1488 1.0184e-01 6.4702e+01    1.7788e-01 3.7044e+01 2.1600e-12
  1440 9.3212e-02 6.4069e+01    1.1720e-01 5.0957e+01 2.1032e-12
  1392 8.3798e-02 6.4374e+01    1.0583e-01 5.0974e+01 1.9327e-12
  1344 7.4799e-02 6.4913e+01    1.0320e-01 4.7046e+01 1.7621e-12
  1296 6.7008e-02 6.4971e+01    8.3159e-02 5.2352e+01 1.8190e-12
  1248 5.9350e-02 6.5502e+01    7.3224e-02 5.3091e+01 1.6485e-12
  1200 5.3033e-02 6.5167e+01    6.9081e-02 5.0028e+01 1.5348e-12
  1152 4.7027e-02 6.5019e+01    6.4925e-02 4.7095e+01 1.3642e-12
  1104 4.2049e-02 6.4000e+01    5.3709e-02 5.0106e+01 1.2506e-12
  1056 3.6852e-02 6.3909e+01    4.6432e-02 5.0723e+01 1.1937e-12
  1008 3.1683e-02 6.4652e+01    3.8354e-02 5.3407e+01 1.0232e-12
   960 2.7395e-02 6.4591e+01    3.7447e-02 4.7252e+01 1.0232e-12
   912 2.3632e-02 6.4196e+01    3.7453e-02 4.0506e+01 1.0800e-12
   864 2.0231e-02 6.3762e+01    2.7407e-02 4.7066e+01 8.5265e-13
   816 1.7269e-02 6.2928e+01    2.4579e-02 4.4212e+01 8.2423e-13
   768 1.4212e-02 6.3746e+01    2.4464e-02 3.7033e+01 7.1054e-13
   720 1.1735e-02 6.3611e+01    1.5970e-02 4.6744e+01 6.8212e-13
   672 9.6125e-03 6.3140e+01    1.3267e-02 4.5747e+01 5.6843e-13
   624 7.6969e-03 6.3135e+01    1.0650e-02 4.5629e+01 5.4001e-13
   576 6.0169e-03 6.3522e+01    9.2545e-03 4.1299e+01 4.8317e-13
   528 4.6567e-03 6.3220e+01    6.5388e-03 4.5023e+01 4.2633e-13
   480 3.4886e-03 6.3402e+01    4.9364e-03 4.4807e+01 3.1264e-13
   432 2.5343e-03 6.3624e+01    3.6079e-03 4.4692e+01 2.7001e-13
   384 1.8105e-03 6.2550e+01    2.8635e-03 3.9548e+01 2.2737e-13
   336 1.2266e-03 6.1851e+01    1.6156e-03 4.6958e+01 1.7053e-13
   288 7.9530e-04 6.0073e+01    1.0151e-03 4.7065e+01 9.9476e-14
   240 4.5260e-04 6.1087e+01    5.4890e-04 5.0370e+01 4.2633e-14
   192 2.4070e-04 5.8811e+01    3.1520e-04 4.4910e+01 2.8422e-14
   144 1.0980e-04 5.4390e+01    1.0740e-04 5.5605e+01 2.8422e-14
    96 3.7100e-05 4.7695e+01    3.0300e-05 5.8398e+01 1.0658e-14
    48 7.9000e-06 2.7998e+01    3.5000e-06 6.3195e+01 5.3291e-15
];

% Maximum difference between reference and your implementation: 2.160050e-12.
