% number of repeats:% 3
% enter first, last, inc:% 48 1488 48 
data = [
%  n          reference      |         current implementation 
%        time       GFLOPS   |    time       GFLOPS     diff 
  1488 9.9743e-02 6.6063e+01    2.3380e-01 2.8184e+01 2.1600e-12
  1440 9.2044e-02 6.4882e+01    1.9639e-01 3.0409e+01 2.1032e-12
  1392 8.3608e-02 6.4521e+01    1.6912e-01 3.1897e+01 1.9327e-12
  1344 7.5078e-02 6.4672e+01    1.7327e-01 2.8023e+01 1.7621e-12
  1296 6.7066e-02 6.4915e+01    1.3594e-01 3.2025e+01 1.8190e-12
  1248 5.9507e-02 6.5329e+01    1.2966e-01 2.9982e+01 1.6485e-12
  1200 5.2713e-02 6.5563e+01    1.0799e-01 3.2004e+01 1.5348e-12
  1152 4.7377e-02 6.4538e+01    1.1390e-01 2.6845e+01 1.3642e-12
  1104 4.1878e-02 6.4261e+01    8.3994e-02 3.2040e+01 1.2506e-12
  1056 3.6491e-02 6.4541e+01    7.7127e-02 3.0536e+01 1.1937e-12
  1008 3.1736e-02 6.4544e+01    6.7101e-02 3.0527e+01 1.0232e-12
   960 2.7190e-02 6.5078e+01    6.3165e-02 2.8013e+01 1.0232e-12
   912 2.3551e-02 6.4418e+01    5.3460e-02 2.8378e+01 1.0800e-12
   864 2.0105e-02 6.4160e+01    4.2710e-02 3.0202e+01 8.5265e-13
   816 1.6982e-02 6.3990e+01    3.5037e-02 3.1015e+01 8.2423e-13
   768 1.4356e-02 6.3105e+01    3.3077e-02 2.7390e+01 7.1054e-13
   720 1.1813e-02 6.3194e+01    2.3218e-02 3.2151e+01 6.8212e-13
   672 9.5249e-03 6.3720e+01    1.9462e-02 3.1185e+01 5.6843e-13
   624 7.7373e-03 6.2805e+01    1.5324e-02 3.1711e+01 5.4001e-13
   576 5.9240e-03 6.4518e+01    1.3376e-02 2.8575e+01 4.8317e-13
   528 4.6333e-03 6.3539e+01    9.1027e-03 3.2342e+01 4.2633e-13
   480 3.4941e-03 6.3302e+01    7.5360e-03 2.9350e+01 3.1264e-13
   432 2.4912e-03 6.4725e+01    5.3859e-03 2.9938e+01 2.7001e-13
   384 1.7980e-03 6.2985e+01    4.0227e-03 2.8152e+01 2.2737e-13
   336 1.2053e-03 6.2944e+01    2.4152e-03 3.1412e+01 1.7053e-13
   288 7.7390e-04 6.1734e+01    1.5296e-03 3.1234e+01 9.9476e-14
   240 4.4940e-04 6.1522e+01    8.5300e-04 3.2413e+01 4.2633e-14
   192 2.3450e-04 6.0366e+01    4.8360e-04 2.9272e+01 2.8422e-14
   144 1.0510e-04 5.6822e+01    1.8010e-04 3.3159e+01 2.8422e-14
    96 3.6500e-05 4.8479e+01    5.2500e-05 3.3704e+01 1.0658e-14
    48 7.6000e-06 2.9103e+01    6.5000e-06 3.4028e+01 5.3291e-15
];

% Maximum difference between reference and your implementation: 2.160050e-12.
