% number of repeats:% 3
% enter first, last, inc:% 48 1488 48 
data = [
%  n          reference      |         current implementation 
%        time       GFLOPS   |    time       GFLOPS     diff 
  1488 1.0215e-01 6.4507e+01    7.7277e-01 8.5268e+00 2.1600e-12
  1440 9.2832e-02 6.4331e+01    6.7565e-01 8.8389e+00 2.1032e-12
  1392 8.4380e-02 6.3930e+01    6.0468e-01 8.9212e+00 1.9327e-12
  1344 7.6607e-02 6.3381e+01    5.6244e-01 8.6329e+00 1.7621e-12
  1296 6.9008e-02 6.3088e+01    4.8997e-01 8.8853e+00 1.8758e-12
  1248 6.0364e-02 6.4402e+01    4.2943e-01 9.0529e+00 1.5916e-12
  1200 5.4090e-02 6.3894e+01    3.8666e-01 8.9381e+00 1.5348e-12
  1152 4.8316e-02 6.3285e+01    3.8126e-01 8.0198e+00 1.4211e-12
  1104 4.2308e-02 6.3608e+01    3.0034e-01 8.9604e+00 1.3074e-12
  1056 3.7462e-02 6.2867e+01    2.7375e-01 8.6035e+00 1.1937e-12
  1008 3.2291e-02 6.3436e+01    2.2670e-01 9.0357e+00 1.0232e-12
   960 2.7976e-02 6.3249e+01    2.0991e-01 8.4295e+00 9.9476e-13
   912 2.4084e-02 6.2993e+01    1.8917e-01 8.0198e+00 1.0800e-12
   864 2.0587e-02 6.2659e+01    1.5101e-01 8.5419e+00 8.5265e-13
   816 1.7163e-02 6.3315e+01    1.3383e-01 8.1197e+00 7.9581e-13
   768 1.4261e-02 6.3529e+01    1.2179e-01 7.4391e+00 7.3896e-13
   720 1.1715e-02 6.3721e+01    8.2926e-02 9.0020e+00 6.8212e-13
   672 9.6878e-03 6.2649e+01    6.8152e-02 8.9055e+00 5.9686e-13
   624 7.5887e-03 6.4035e+01    5.5000e-02 8.8354e+00 5.4001e-13
   576 6.0804e-03 6.2859e+01    4.6676e-02 8.1884e+00 4.8317e-13
   528 4.6170e-03 6.3763e+01    3.4528e-02 8.5263e+00 4.2633e-13
   480 3.4119e-03 6.4827e+01    2.6387e-02 8.3824e+00 3.1264e-13
   432 2.5127e-03 6.4171e+01    1.9565e-02 8.2414e+00 2.7001e-13
   384 1.8020e-03 6.2845e+01    1.3623e-02 8.3127e+00 2.2737e-13
   336 1.2404e-03 6.1163e+01    8.0631e-03 9.4091e+00 1.7053e-13
   288 7.7610e-04 6.1559e+01    5.4112e-03 8.8290e+00 1.1369e-13
   240 4.4390e-04 6.2284e+01    2.9818e-03 9.2723e+00 4.2633e-14
   192 2.3680e-04 5.9779e+01    1.5148e-03 9.3450e+00 3.5527e-14
   144 1.0920e-04 5.4688e+01    6.4470e-04 9.2632e+00 2.8422e-14
    96 3.6800e-05 4.8083e+01    1.7990e-04 9.8359e+00 1.4211e-14
    48 7.7000e-06 2.8725e+01    1.8500e-05 1.1956e+01 7.1054e-15
];

% Maximum difference between reference and your implementation: 2.160050e-12.
