% number of repeats:% 3
% enter first, last, inc:% 48 1488 48 
data = [
%  n          reference      |         current implementation 
%        time       GFLOPS   |    time       GFLOPS     diff 
  1488 1.0169e-01 6.4799e+01    4.5733e-01 1.4408e+01 2.1600e-12
  1440 9.1848e-02 6.5020e+01    3.8735e-01 1.5417e+01 2.1032e-12
  1392 8.3713e-02 6.4440e+01    3.2776e-01 1.6458e+01 1.9327e-12
  1344 7.5927e-02 6.3949e+01    2.9599e-01 1.6404e+01 1.7621e-12
  1296 6.9151e-02 6.2957e+01    2.7541e-01 1.5808e+01 1.8190e-12
  1248 6.0493e-02 6.4264e+01    2.0694e-01 1.8786e+01 1.6485e-12
  1200 5.3344e-02 6.4787e+01    1.6221e-01 2.1305e+01 1.5348e-12
  1152 4.7474e-02 6.4407e+01    1.4272e-01 2.1424e+01 1.3642e-12
  1104 4.1692e-02 6.4548e+01    1.1652e-01 2.3097e+01 1.2506e-12
  1056 3.6749e-02 6.4089e+01    9.8899e-02 2.3814e+01 1.1937e-12
  1008 3.1729e-02 6.4558e+01    7.5600e-02 2.7095e+01 1.0232e-12
   960 2.7526e-02 6.4283e+01    7.6459e-02 2.3143e+01 1.0232e-12
   912 2.3675e-02 6.4081e+01    5.4933e-02 2.7617e+01 1.0800e-12
   864 2.0127e-02 6.4091e+01    4.5203e-02 2.8537e+01 8.5265e-13
   816 1.7070e-02 6.3661e+01    3.5642e-02 3.0489e+01 8.2423e-13
   768 1.4108e-02 6.4219e+01    4.3934e-02 2.0621e+01 7.1054e-13
   720 1.1703e-02 6.3784e+01    2.3850e-02 3.1300e+01 6.8212e-13
   672 9.5081e-03 6.3833e+01    2.0475e-02 2.9643e+01 5.6843e-13
   624 7.6646e-03 6.3401e+01    1.6106e-02 3.0172e+01 5.4001e-13
   576 6.0324e-03 6.3359e+01    1.4848e-02 2.5742e+01 4.8317e-13
   528 4.6501e-03 6.3310e+01    9.4515e-03 3.1148e+01 4.2633e-13
   480 3.5963e-03 6.1503e+01    7.2368e-03 3.0564e+01 3.1264e-13
   432 2.5034e-03 6.4410e+01    5.0566e-03 3.1888e+01 2.7001e-13
   384 1.8058e-03 6.2712e+01    5.0003e-03 2.2648e+01 2.2737e-13
   336 1.2101e-03 6.2694e+01    2.3304e-03 3.2555e+01 1.7053e-13
   288 7.8620e-04 6.0768e+01    1.4543e-03 3.2851e+01 9.9476e-14
   240 4.4420e-04 6.2242e+01    8.5280e-04 3.2420e+01 4.2633e-14
   192 2.3840e-04 5.9378e+01    4.0950e-04 3.4568e+01 2.8422e-14
   144 1.0600e-04 5.6339e+01    1.2940e-04 4.6151e+01 2.8422e-14
    96 3.9200e-05 4.5140e+01    3.6400e-05 4.8612e+01 1.0658e-14
    48 7.8000e-06 2.8357e+01    4.0000e-06 5.5296e+01 5.3291e-15
];

% Maximum difference between reference and your implementation: 2.160050e-12.
