% number of repeats:% 3
% enter first, last, inc:% 48 480 48 
data = [
%  n          reference      |         current implementation 
%        time       GFLOPS   |    time       GFLOPS     diff 
   480 3.4526e-03 6.4063e+01    9.5571e-02 2.3144e+00 3.5527e-13
   432 2.5257e-03 6.3841e+01    6.6607e-02 2.4208e+00 3.1264e-13
   384 1.7946e-03 6.3104e+01    6.2057e-02 1.8249e+00 1.9895e-13
   336 1.2728e-03 5.9606e+01    3.1402e-02 2.4160e+00 1.7053e-13
   288 7.9480e-04 6.0110e+01    1.9978e-02 2.3914e+00 1.1369e-13
   240 4.5140e-04 6.1249e+01    1.1455e-02 2.4136e+00 4.2633e-14
   192 2.3750e-04 5.9603e+01    5.7111e-03 2.4786e+00 2.8422e-14
   144 1.0670e-04 5.5970e+01    2.3363e-03 2.5562e+00 2.8422e-14
    96 3.7100e-05 4.7695e+01    6.9310e-04 2.5530e+00 1.4211e-14
    48 7.7000e-06 2.8725e+01    8.6200e-05 2.5659e+00 7.1054e-15
];

% Maximum difference between reference and your implementation: 3.552714e-13.
