% number of repeats:% 3
% enter first, last, inc:% 48 480 48 
data = [
%  n          reference      |         current implementation 
%        time       GFLOPS   |    time       GFLOPS     diff 
   480 3.4235e-03 6.4608e+01    8.7479e-02 2.5284e+00 3.5527e-13
   432 2.5103e-03 6.4233e+01    6.3484e-02 2.5399e+00 3.1264e-13
   384 1.8017e-03 6.2855e+01    6.0843e-02 1.8613e+00 1.9895e-13
   336 1.2157e-03 6.2405e+01    3.0294e-02 2.5043e+00 1.7053e-13
   288 7.8860e-04 6.0583e+01    1.9172e-02 2.4920e+00 1.1369e-13
   240 4.4900e-04 6.1577e+01    1.1154e-02 2.4788e+00 4.2633e-14
   192 2.3740e-04 5.9628e+01    5.5903e-03 2.5322e+00 2.8422e-14
   144 1.0670e-04 5.5970e+01    2.2845e-03 2.6141e+00 2.8422e-14
    96 3.7100e-05 4.7695e+01    6.7560e-04 2.6191e+00 1.4211e-14
    48 7.6000e-06 2.9103e+01    8.3900e-05 2.6363e+00 7.1054e-15
];

% Maximum difference between reference and your implementation: 3.552714e-13.
