% number of repeats:% 3
% enter first, last, inc:% 48 1488 48 
data = [
%  n          reference      |         current implementation 
%        time       GFLOPS   |    time       GFLOPS     diff 
  1488 1.0095e-01 6.5274e+01    8.5863e-01 7.6742e+00 2.1600e-12
  1440 9.2934e-02 6.4260e+01    7.4911e-01 7.9720e+00 2.1032e-12
  1392 8.4970e-02 6.3487e+01    6.6452e-01 8.1178e+00 1.9327e-12
  1344 7.8629e-02 6.1751e+01    6.3245e-01 7.6772e+00 1.7621e-12
  1296 6.9103e-02 6.3001e+01    5.2137e-01 8.3502e+00 1.8758e-12
  1248 6.1037e-02 6.3691e+01    4.5616e-01 8.5222e+00 1.5916e-12
  1200 5.4550e-02 6.3355e+01    3.8984e-01 8.8651e+00 1.5348e-12
  1152 4.8266e-02 6.3350e+01    3.4887e-01 8.7643e+00 1.4211e-12
  1104 4.2408e-02 6.3459e+01    3.0233e-01 8.9012e+00 1.3074e-12
  1056 3.7592e-02 6.2650e+01    2.6930e-01 8.7454e+00 1.1937e-12
  1008 3.2171e-02 6.3671e+01    2.2520e-01 9.0960e+00 1.0232e-12
   960 2.9951e-02 5.9079e+01    2.0471e-01 8.6439e+00 9.9476e-13
   912 2.4535e-02 6.1833e+01    1.7328e-01 8.7551e+00 1.0800e-12
   864 2.1325e-02 6.0490e+01    1.3053e-01 9.8825e+00 8.5265e-13
   816 1.7382e-02 6.2518e+01    1.1019e-01 9.8619e+00 7.9581e-13
   768 1.4291e-02 6.3395e+01    9.6217e-02 9.4159e+00 7.3896e-13
   720 1.1753e-02 6.3514e+01    7.8299e-02 9.5340e+00 6.8212e-13
   672 9.7284e-03 6.2387e+01    6.3600e-02 9.5429e+00 5.9686e-13
   624 7.6745e-03 6.3319e+01    5.0659e-02 9.5924e+00 5.4001e-13
   576 6.0366e-03 6.3315e+01    3.9892e-02 9.5810e+00 4.8317e-13
   528 5.0181e-03 5.8667e+01    3.0685e-02 9.5943e+00 4.2633e-13
   480 3.4621e-03 6.3887e+01    2.3097e-02 9.5762e+00 3.1264e-13
   432 2.5619e-03 6.2939e+01    1.6770e-02 9.6149e+00 2.7001e-13
   384 1.8294e-03 6.1903e+01    1.1999e-02 9.4383e+00 2.2737e-13
   336 1.2399e-03 6.1187e+01    7.8947e-03 9.6098e+00 1.7053e-13
   288 8.0020e-04 5.9705e+01    4.9677e-03 9.6173e+00 1.1369e-13
   240 4.5520e-04 6.0738e+01    2.8230e-03 9.7938e+00 4.2633e-14
   192 2.4310e-04 5.8230e+01    1.3780e-03 1.0273e+01 3.5527e-14
   144 1.0770e-04 5.5450e+01    5.2600e-04 1.1354e+01 2.8422e-14
    96 3.7500e-05 4.7186e+01    1.4960e-04 1.1828e+01 1.4211e-14
    48 7.7000e-06 2.8725e+01    1.6000e-05 1.3824e+01 7.1054e-15
];

% Maximum difference between reference and your implementation: 2.160050e-12.
