% number of repeats:% 3
% enter first, last, inc:% 48 1488 48 
data = [
%  n          reference      |         current implementation 
%        time       GFLOPS   |    time       GFLOPS     diff 
  1488 1.0048e-01 6.5577e+01    7.9536e-01 8.2846e+00 2.1600e-12
  1440 9.1780e-02 6.5069e+01    5.8411e-01 1.0224e+01 2.1032e-12
  1392 8.3605e-02 6.4523e+01    5.2404e-01 1.0294e+01 1.9327e-12
  1344 7.6090e-02 6.3811e+01    4.7755e-01 1.0167e+01 1.7621e-12
  1296 6.7593e-02 6.4408e+01    4.1767e-01 1.0423e+01 1.8758e-12
  1248 5.9413e-02 6.5433e+01    3.8223e-01 1.0171e+01 1.5916e-12
  1200 5.3154e-02 6.5019e+01    3.3570e-01 1.0295e+01 1.5348e-12
  1152 4.7370e-02 6.4548e+01    3.1708e-01 9.6433e+00 1.4211e-12
  1104 4.3209e-02 6.2283e+01    2.6598e-01 1.0118e+01 1.3074e-12
  1056 3.6730e-02 6.4121e+01    2.2939e-01 1.0267e+01 1.1937e-12
  1008 3.1678e-02 6.4663e+01    2.0202e-01 1.0139e+01 1.0232e-12
   960 2.7825e-02 6.3593e+01    1.7573e-01 1.0069e+01 9.9476e-13
   912 2.3672e-02 6.4088e+01    1.8091e-01 8.3858e+00 1.0800e-12
   864 2.0185e-02 6.3905e+01    1.2733e-01 1.0131e+01 8.5265e-13
   816 1.7199e-02 6.3184e+01    1.1170e-01 9.7287e+00 7.9581e-13
   768 1.4317e-02 6.3280e+01    1.1044e-01 8.2035e+00 7.3896e-13
   720 1.1644e-02 6.4108e+01    7.3460e-02 1.0162e+01 6.8212e-13
   672 9.4946e-03 6.3924e+01    6.0868e-02 9.9712e+00 5.9686e-13
   624 7.5643e-03 6.4241e+01    4.8973e-02 9.9227e+00 5.4001e-13
   576 6.1259e-03 6.2392e+01    3.9279e-02 9.7306e+00 4.8317e-13
   528 4.6475e-03 6.3345e+01    2.8411e-02 1.0362e+01 4.2633e-13
   480 3.4624e-03 6.3882e+01    2.2281e-02 9.9271e+00 3.1264e-13
   432 2.5073e-03 6.4309e+01    1.7685e-02 9.1176e+00 2.7001e-13
   384 1.8084e-03 6.2622e+01    1.1602e-02 9.7608e+00 2.2737e-13
   336 1.2280e-03 6.1780e+01    7.0970e-03 1.0690e+01 1.7053e-13
   288 7.8810e-04 6.0621e+01    4.7678e-03 1.0021e+01 1.1369e-13
   240 4.5110e-04 6.1290e+01    2.7125e-03 1.0193e+01 4.2633e-14
   192 2.3710e-04 5.9704e+01    1.4183e-03 9.9808e+00 3.5527e-14
   144 1.0710e-04 5.5761e+01    5.2890e-04 1.1291e+01 2.8422e-14
    96 3.7400e-05 4.7312e+01    1.8530e-04 9.5492e+00 1.4211e-14
    48 7.6000e-06 2.9103e+01    1.8400e-05 1.2021e+01 7.1054e-15
];

% Maximum difference between reference and your implementation: 2.160050e-12.
