% number of repeats:% 3
% enter first, last, inc:% 48 1488 48 
data = [
%  n          reference      |         current implementation 
%        time       GFLOPS   |    time       GFLOPS     diff 
  1488 9.9981e-02 6.5906e+01    5.2966e-01 1.2441e+01 2.1600e-12
  1440 9.1670e-02 6.5146e+01    3.8330e-01 1.5580e+01 2.1032e-12
  1392 8.4127e-02 6.4123e+01    3.3002e-01 1.6346e+01 1.9327e-12
  1344 7.5613e-02 6.4214e+01    2.9507e-01 1.6455e+01 1.7621e-12
  1296 6.7775e-02 6.4236e+01    2.0023e-01 2.1743e+01 1.8190e-12
  1248 5.9993e-02 6.4800e+01    2.0958e-01 1.8549e+01 1.6485e-12
  1200 5.3304e-02 6.4836e+01    1.5076e-01 2.2924e+01 1.5348e-12
  1152 4.7353e-02 6.4572e+01    1.9860e-01 1.5396e+01 1.3642e-12
  1104 4.3223e-02 6.2262e+01    1.3461e-01 1.9992e+01 1.2506e-12
  1056 3.8076e-02 6.1854e+01    1.1899e-01 1.9793e+01 1.1937e-12
  1008 3.2241e-02 6.3533e+01    8.7842e-02 2.3319e+01 1.0232e-12
   960 2.7726e-02 6.3820e+01    1.1278e-01 1.5689e+01 1.0232e-12
   912 2.3882e-02 6.3524e+01    7.0928e-02 2.1389e+01 1.0800e-12
   864 2.0380e-02 6.3295e+01    6.4535e-02 1.9988e+01 8.5265e-13
   816 1.7394e-02 6.2475e+01    4.7089e-02 2.3077e+01 8.2423e-13
   768 1.4501e-02 6.2474e+01    5.9797e-02 1.5151e+01 7.1054e-13
   720 1.1612e-02 6.4289e+01    2.9840e-02 2.5016e+01 6.8212e-13
   672 9.5365e-03 6.3643e+01    2.5578e-02 2.3729e+01 5.6843e-13
   624 7.7079e-03 6.3045e+01    1.8885e-02 2.5732e+01 5.4001e-13
   576 6.1367e-03 6.2282e+01    1.9309e-02 1.9794e+01 4.8317e-13
   528 4.6699e-03 6.3041e+01    1.1015e-02 2.6728e+01 4.2633e-13
   480 3.4138e-03 6.4791e+01    8.9840e-03 2.4620e+01 3.1264e-13
   432 2.5249e-03 6.3861e+01    6.4746e-03 2.4904e+01 2.7001e-13
   384 1.8173e-03 6.2316e+01    6.0726e-03 1.8649e+01 2.2737e-13
   336 1.2427e-03 6.1049e+01    3.0548e-03 2.4835e+01 1.7053e-13
   288 7.8980e-04 6.0491e+01    1.9004e-03 2.5140e+01 9.9476e-14
   240 4.5270e-04 6.1074e+01    1.0755e-03 2.5707e+01 4.2633e-14
   192 2.4410e-04 5.7992e+01    5.4570e-04 2.5941e+01 2.8422e-14
   144 1.0550e-04 5.6606e+01    1.8210e-04 3.2795e+01 2.8422e-14
    96 3.6700e-05 4.8214e+01    5.2700e-05 3.3576e+01 1.0658e-14
    48 7.7000e-06 2.8725e+01    6.4000e-06 3.4560e+01 5.3291e-15
];

% Maximum difference between reference and your implementation: 2.160050e-12.
